10100000000100000011111111111010
10100010000001000010000000101101
10000000101001000110000000000100
10100110000011001000000000010000
10101000001011001000000000010000
10000010000100000010000000000101
10100000000100000011111111111000
10100010000100000010000000000100
10110001001010000110000000000010
10100000000100000011111111111010
10100010000001000010000000101101
10000000101001000110000000000100
10100110000011001000000000010000
10101000001011001000000000010000
10000010000100000010000000000101
10100000000100000011111111111000
10100010000100000010000000000100
10110001001010000110000000000010
10100000000100000011111111111010
10100010000001000010000000101101
10000000101001000110000000000100
10100110000011001000000000010000
10101000001011001000000000010000
10000010000100000010000000000101
10100000000100000011111111111000
10100010000100000010000000000100
10110001001010000110000000000010
10100000000100000011111111111010
10100010000001000010000000101101
10000000101001000110000000000100
10100110000011001000000000010000
10101000001011001000000000010000
10000010000100000010000000000101
10100000000100000011111111111000
10100010000100000010000000000100
10110001001010000110000000000010
10100000000100000011111111111010
10100010000001000010000000101101
10000000101001000110000000000100
10100110000011001000000000010000
10101000001011001000000000010000
10000010000100000010000000000101
10100000000100000011111111111000
10100010000100000010000000000100
10110001001010000110000000000010
10100000000100000011111111111010
10100010000001000010000000101101
10000000101001000110000000000100
10100110000011001000000000010000
10101000001011001000000000010000
10000010000100000010000000000101
10100000000100000011111111111000
10100010000100000010000000000100
10110001001010000110000000000010
10100000000100000011111111111010
10100010000001000010000000101101
10000000101001000110000000000100
10100110000011001000000000010000
10101000001011001000000000010000
10000010000100000010000000000101
10100000000100000011111111111000
10100010000100000010000000000100
10110001001010000110000000000010
00000000000000000000000000000000





















































